-10         0
0           0
0.027996	0.062387
0.048151	0.1326
0.068307	0.196254
0.088463	0.271447
0.108618	0.360003
0.128774	0.419647
0.148929	0.475648
0.169085	0.523752
0.189241	0.544889
0.209396	0.574286
0.229552	0.594694
0.249707	0.614616
0.269863	0.636968
0.290019	0.664178
0.310174	0.709974
0.325818	0.731959
0.341333	0.752577
0.357818	0.768041
0.369455	0.78866
0.385939	0.809278
0.407273	0.829897
0.419879	0.871134
0.443152	0.902062
0.458667	0.938144
0.481939	0.979381
0.51173		1.032371
0.531886	1.068085
0.552042	1.104163
0.572197	1.145222
0.585697	1.170103
0.601212	1.21134
0.616727	1.237113
0.628364	1.273196
0.635512	1.298969
0.645818	1.324742
0.649697	1.335052
0.659394	1.35567
0.669091	1.396907
0.681697	1.453608
0.701091	1.536082
0.713286	1.590795
0.733442	1.690041
0.746667	1.742268
0.754424	1.78866
0.765091	1.85567
0.775578	1.93299
0.785455	2.005155
0.792949	2.085323
0.811665	2.232754
0.828041	2.386044
0.837459	2.548191
0.843818	2.744936
0.852936	2.901822
0.862534	3.065085
0.872132	3.228459
0.88221		3.395439
.9          3.4
1           3.4